3 0.810938 0.461458 0.034375 0.0479167
3 0.46875 0.492708 0.06875 0.0645833
3 0.5 0.434375 0.09375 0.0770833
3 0.76875 0.4125 0.09375 0.0958333
3 0.771875 0.495833 0.0875 0.0916667
3 0.773438 0.575 0.078125 0.0958333
3 0.465625 0.564583 0.075 0.0958333
3 0.635156 0.489583 0.0671875 0.0958333
3 0.641406 0.0395833 0.0796875 0.0791667
3 0.625781 0.58125 0.0765625 0.104167
3 0.295312 0.420833 0.090625 0.0916667
3 0.657031 0.265625 0.0796875 0.10625
3 0.64375 0.179167 0.06875 0.108333
3 0.220313 0.311458 0.1 0.10625
