3 0.811719 0.465625 0.0359375 0.05625
3 0.767187 0.409375 0.090625 0.09375
3 0.501562 0.435417 0.090625 0.075
3 0.467187 0.5 0.0625 0.0833333
3 0.40625 0.430208 0.078125 0.06875
3 0.589844 0.03125 0.0765625 0.0625
3 0.321875 0.420833 0.090625 0.0916667
3 0.754687 0.501042 0.08125 0.110417
3 0.783594 0.590625 0.0734375 0.06875
3 0.609375 0.611458 0.06875 0.110417
3 0.652344 0.502083 0.0796875 0.116667
3 0.467969 0.5875 0.0703125 0.0833333
3 0.164844 0.447917 0.0859375 0.129167
3 0.635156 0.304167 0.0765625 0.1375
