3 0.626562 0.021875 0.075 0.04375
3 0.628906 0.977083 0.0765625 0.0416667
3 0.5 0.433333 0.09375 0.075
3 0.648438 0.588542 0.071875 0.114583
3 0.660156 0.657292 0.0859375 0.11875
3 0.314063 0.421875 0.090625 0.09375
3 0.219531 0.411458 0.104687 0.10625
3 0.763281 0.577083 0.0765625 0.0875
3 0.633594 0.185417 0.0703125 0.1
3 0.639844 0.909375 0.0703125 0.102083
3 0.632812 0.310417 0.071875 0.108333
3 0.45 0.575 0.08125 0.108333
3 0.770312 0.420833 0.090625 0.116667
3 0.646875 0.417708 0.08125 0.110417
