3 0.482812 0.486458 0.059375 0.05625
3 0.5 0.446875 0.090625 0.102083
3 0.407813 0.430208 0.078125 0.06875
3 0.782031 0.485417 0.0796875 0.0833333
3 0.766406 0.4125 0.0953125 0.1
3 0.460938 0.569792 0.065625 0.102083
3 0.324219 0.420833 0.0921875 0.0916667
3 0.748438 0.576042 0.071875 0.09375
3 0.642969 0.9625 0.0796875 0.075
3 0.616406 0.0635417 0.0765625 0.0979167
3 0.609375 0.45625 0.071875 0.129167
3 0.655469 0.583333 0.0765625 0.116667
3 0.163281 0.447917 0.0859375 0.129167
3 0.584375 0.68125 0.075 0.1125
