3 0.500781 0.436458 0.0921875 0.0770833
3 0.753906 0.59375 0.0765625 0.0583333
3 0.755469 0.510417 0.0609375 0.104167
3 0.314063 0.421875 0.090625 0.0895833
3 0.769531 0.411458 0.0921875 0.0979167
3 0.659375 0.830208 0.09375 0.185417
3 0.477344 0.505208 0.0609375 0.09375
3 0.220313 0.411458 0.10625 0.10625
3 0.458594 0.592708 0.0640625 0.0770833
3 0.635938 0.382292 0.071875 0.0979167
3 0.635938 0.508333 0.071875 0.108333
3 0.648438 0.619792 0.084375 0.114583
3 0.629687 0.177083 0.08125 0.116667
