3 0.792969 0.604167 0.0734375 0.0458333
3 0.792188 0.461458 0.065625 0.0520833
3 0.476562 0.601042 0.071875 0.0604167
3 0.500781 0.435417 0.0921875 0.075
3 0.76875 0.420833 0.096875 0.116667
3 0.617969 0.0364583 0.0765625 0.0729167
3 0.321875 0.419792 0.090625 0.0895833
3 0.407813 0.430208 0.075 0.06875
3 0.464063 0.530208 0.065625 0.09375
3 0.584375 0.638542 0.075 0.110417
3 0.749219 0.544792 0.0703125 0.114583
3 0.609375 0.413542 0.071875 0.127083
3 0.654688 0.542708 0.075 0.114583
3 0.163281 0.447917 0.0859375 0.129167
3 0.642187 0.939583 0.078125 0.120833
