3 0.647656 0.51875 0.0671875 0.1125
3 0.5 0.436458 0.09375 0.0770833
3 0.471094 0.585417 0.0453125 0.0875
3 0.740625 0.58125 0.05625 0.0791667
3 0.76875 0.411458 0.09375 0.09375
3 0.220313 0.4125 0.103125 0.104167
3 0.314844 0.422917 0.0890625 0.0958333
3 0.638281 0.8375 0.0703125 0.1
3 0.660156 0.592708 0.0828125 0.110417
3 0.634375 0.120833 0.071875 0.1
3 0.767187 0.526042 0.084375 0.114583
3 0.45625 0.517708 0.08125 0.10625
3 0.628125 0.9375 0.08125 0.108333
3 0.632812 0.244792 0.071875 0.110417
3 0.646875 0.35 0.08125 0.108333
