3 0.501562 0.438542 0.090625 0.0770833
3 0.644531 0.975 0.0765625 0.05
3 0.405469 0.430208 0.0765625 0.06875
3 0.480469 0.495833 0.0640625 0.0791667
3 0.767187 0.413542 0.096875 0.0979167
3 0.75 0.588542 0.075 0.0729167
3 0.323438 0.421875 0.090625 0.0895833
3 0.785156 0.494792 0.0859375 0.110417
3 0.617188 0.0875 0.078125 0.1
3 0.163281 0.447917 0.0859375 0.129167
3 0.610156 0.48125 0.0734375 0.129167
3 0.458594 0.5875 0.0640625 0.0916667
3 0.65625 0.608333 0.075 0.116667
3 0.584375 0.708333 0.075 0.1125
