3 0.739844 0.589583 0.0546875 0.0625
3 0.500781 0.435417 0.0921875 0.075
3 0.648438 0.542708 0.06875 0.114583
3 0.7625 0.538542 0.075 0.0979167
3 0.770312 0.410417 0.096875 0.0958333
3 0.628125 0.954167 0.08125 0.0916667
3 0.470313 0.59375 0.04375 0.0708333
3 0.219531 0.4125 0.104687 0.104167
3 0.659375 0.610417 0.0875 0.120833
3 0.632812 0.266667 0.071875 0.108333
3 0.314844 0.422917 0.0890625 0.0958333
3 0.453125 0.535417 0.08125 0.1125
3 0.638281 0.860417 0.0703125 0.1
3 0.633594 0.139583 0.0703125 0.1
3 0.646875 0.369792 0.08125 0.110417
