3 0.469531 0.509375 0.0640625 0.0979167
3 0.60625 0.0270833 0.06875 0.0541667
3 0.765625 0.411458 0.09375 0.0979167
3 0.502344 0.436458 0.0890625 0.0770833
3 0.321094 0.420833 0.0890625 0.0916667
3 0.404687 0.430208 0.078125 0.06875
3 0.579687 0.210417 0.071875 0.104167
3 0.650781 0.126042 0.0734375 0.10625
3 0.773438 0.511458 0.090625 0.127083
3 0.163281 0.447917 0.0859375 0.129167
3 0.636719 0.504167 0.0765625 0.133333
3 0.653906 0.705208 0.0828125 0.114583
3 0.610937 0.821875 0.071875 0.11875
