3 0.809375 0.465625 0.03125 0.05625
3 0.749219 0.603125 0.0671875 0.0395833
3 0.499219 0.435417 0.0921875 0.075
3 0.660156 0.85625 0.0953125 0.1875
3 0.220313 0.4125 0.103125 0.104167
3 0.76875 0.411458 0.09375 0.0979167
3 0.314063 0.422917 0.090625 0.0916667
3 0.753906 0.534375 0.0578125 0.0979167
3 0.635938 0.530208 0.071875 0.102083
3 0.635938 0.405208 0.071875 0.0979167
3 0.475 0.521875 0.059375 0.09375
3 0.45625 0.598958 0.065625 0.0645833
3 0.629687 0.201042 0.078125 0.114583
3 0.648438 0.642708 0.084375 0.114583
