3 0.811719 0.465625 0.0359375 0.0520833
3 0.647656 0.0197917 0.0703125 0.0395833
3 0.771875 0.592708 0.0875 0.0645833
3 0.642187 0.972917 0.090625 0.0541667
3 0.767969 0.409375 0.0921875 0.09375
3 0.501562 0.436458 0.090625 0.0770833
3 0.471875 0.502083 0.0625 0.0791667
3 0.464063 0.589583 0.075 0.0833333
3 0.647656 0.497917 0.0765625 0.108333
3 0.321875 0.421875 0.09375 0.0895833
3 0.755469 0.504167 0.0703125 0.1
3 0.632812 0.2 0.071875 0.133333
3 0.625 0.611458 0.084375 0.110417
3 0.164062 0.447917 0.084375 0.129167
