3 0.809375 0.463542 0.03125 0.0520833
3 0.500781 0.435417 0.0921875 0.075
3 0.775781 0.578125 0.0953125 0.09375
3 0.405469 0.43125 0.0796875 0.0708333
3 0.322656 0.420833 0.0890625 0.0875
3 0.767187 0.410417 0.090625 0.0958333
3 0.580469 0.298958 0.0734375 0.102083
3 0.652344 0.211458 0.0734375 0.10625
3 0.6125 0.915625 0.075 0.122917
3 0.163281 0.447917 0.0859375 0.129167
3 0.636719 0.595833 0.0765625 0.133333
3 0.607031 0.0791667 0.0734375 0.129167
3 0.457031 0.575 0.0734375 0.108333
3 0.65625 0.796875 0.08125 0.11875
