3 0.457812 0.616667 0.053125 0.0333333
3 0.607813 0.0166667 0.059375 0.0333333
3 0.767969 0.410417 0.0921875 0.0958333
3 0.471875 0.494792 0.0625 0.0729167
3 0.775781 0.495833 0.0953125 0.108333
3 0.501562 0.4375 0.090625 0.075
3 0.407031 0.43125 0.0765625 0.0708333
3 0.322656 0.419792 0.0890625 0.0895833
3 0.65 0.102083 0.075 0.108333
3 0.584375 0.185417 0.075 0.1
3 0.610937 0.795833 0.071875 0.116667
3 0.164062 0.447917 0.084375 0.129167
3 0.636719 0.479167 0.0765625 0.133333
3 0.654688 0.679167 0.08125 0.116667
