3 0.451562 0.495833 0.078125 0.0666667
3 0.770312 0.446875 0.096875 0.172917
3 0.471094 0.540625 0.0515625 0.0895833
3 0.500781 0.436458 0.0921875 0.0770833
3 0.741406 0.553125 0.0546875 0.09375
3 0.659375 0.548958 0.08125 0.10625
3 0.646875 0.471875 0.065625 0.110417
3 0.6375 0.788542 0.06875 0.0979167
3 0.21875 0.411458 0.103125 0.10625
3 0.632812 0.198958 0.071875 0.110417
3 0.313281 0.422917 0.0890625 0.0958333
3 0.633594 0.075 0.0703125 0.1
3 0.628125 0.886458 0.08125 0.110417
3 0.646094 0.305208 0.0828125 0.110417
