3 0.809375 0.464583 0.03125 0.0541667
3 0.500781 0.435417 0.0890625 0.0708333
3 0.46875 0.49375 0.065625 0.0791667
3 0.767187 0.409375 0.090625 0.09375
3 0.750781 0.503125 0.0671875 0.102083
3 0.407813 0.430208 0.078125 0.0729167
3 0.79375 0.585417 0.075 0.0833333
3 0.322656 0.421875 0.0921875 0.0895833
3 0.475781 0.579167 0.0796875 0.1
3 0.608594 0.367708 0.0734375 0.127083
3 0.585156 0.591667 0.0734375 0.108333
3 0.654688 0.494792 0.075 0.114583
3 0.163281 0.447917 0.0859375 0.129167
3 0.640625 0.9 0.078125 0.1375
