3 0.475781 0.611458 0.0703125 0.04375
3 0.785937 0.470833 0.071875 0.0666667
3 0.40625 0.43125 0.078125 0.0708333
3 0.76875 0.41875 0.096875 0.1125
3 0.5 0.441667 0.09375 0.0916667
3 0.321875 0.419792 0.090625 0.0895833
3 0.749219 0.5625 0.0703125 0.108333
3 0.463281 0.548958 0.0640625 0.09375
3 0.617969 0.0479167 0.0765625 0.0916667
3 0.642187 0.951042 0.078125 0.0979167
3 0.584375 0.660417 0.075 0.1125
3 0.163281 0.447917 0.0859375 0.129167
3 0.610156 0.435417 0.0734375 0.129167
3 0.65625 0.5625 0.075 0.116667
