3 0.810156 0.463542 0.0359375 0.0520833
3 0.773438 0.602083 0.078125 0.0458333
3 0.64375 0.984375 0.065625 0.03125
3 0.349219 0.0208333 0.0609375 0.0416667
3 0.646875 0.0291667 0.071875 0.0583333
3 0.501562 0.436458 0.090625 0.0770833
3 0.4625 0.597917 0.075 0.0666667
3 0.766406 0.410417 0.0921875 0.0958333
3 0.472656 0.510417 0.0578125 0.0958333
3 0.626562 0.633333 0.084375 0.1125
3 0.321094 0.421875 0.0921875 0.0895833
3 0.754687 0.522917 0.071875 0.104167
3 0.647656 0.517708 0.0765625 0.10625
3 0.164844 0.447917 0.0859375 0.129167
3 0.632812 0.21875 0.071875 0.133333
