3 0.810156 0.466667 0.0328125 0.0541667
3 0.75625 0.489583 0.0625 0.0875
3 0.650781 0.763542 0.0703125 0.10625
3 0.482812 0.490625 0.065625 0.0770833
3 0.5 0.439583 0.09375 0.0791667
3 0.770312 0.4125 0.09375 0.104167
3 0.314063 0.422917 0.090625 0.0916667
3 0.757031 0.582292 0.0828125 0.08125
3 0.460938 0.579167 0.065625 0.0958333
3 0.220313 0.4125 0.103125 0.104167
3 0.635156 0.483333 0.0703125 0.104167
3 0.660937 0.833333 0.0875 0.125
3 0.635938 0.357292 0.071875 0.0979167
3 0.648438 0.594792 0.084375 0.114583
3 0.628125 0.154167 0.08125 0.116667
