3 0.451562 0.489583 0.034375 0.0458333
3 0.810156 0.464583 0.0328125 0.0541667
3 0.501562 0.436458 0.090625 0.0770833
3 0.765625 0.410417 0.09375 0.0958333
3 0.325 0.420833 0.09375 0.0916667
3 0.625 0.0364583 0.06875 0.0729167
3 0.463281 0.540625 0.0609375 0.0854167
3 0.746875 0.554167 0.0625 0.0958333
3 0.651563 0.554167 0.071875 0.1
3 0.634375 0.14375 0.071875 0.104167
3 0.394531 0.403125 0.0765625 0.08125
3 0.636719 0.79375 0.0734375 0.1375
3 0.163281 0.447917 0.0859375 0.129167
3 0.640625 0.359375 0.084375 0.11875
