3 0.499219 0.436458 0.0890625 0.0729167
3 0.769531 0.410417 0.0921875 0.0958333
3 0.753906 0.594792 0.0578125 0.05625
3 0.470313 0.591667 0.05625 0.075
3 0.314063 0.422917 0.090625 0.0916667
3 0.471094 0.495833 0.0671875 0.0708333
3 0.220313 0.4125 0.103125 0.104167
3 0.65 0.732292 0.084375 0.11875
3 0.635938 0.61875 0.071875 0.104167
3 0.616406 0.040625 0.0859375 0.08125
3 0.635938 0.492708 0.071875 0.0979167
3 0.765625 0.496875 0.075 0.09375
3 0.660156 0.927083 0.0921875 0.145833
3 0.630469 0.285417 0.0796875 0.1125
