3 0.648438 0.628125 0.071875 0.110417
3 0.761719 0.6 0.0765625 0.05
3 0.475781 0.484375 0.0640625 0.0479167
3 0.758594 0.482292 0.0765625 0.06875
3 0.770312 0.411458 0.096875 0.102083
3 0.5 0.433333 0.09375 0.075
3 0.660156 0.694792 0.0859375 0.127083
3 0.314063 0.423958 0.090625 0.09375
3 0.448438 0.594792 0.078125 0.0729167
3 0.639844 0.952083 0.0703125 0.0958333
3 0.634375 0.227083 0.071875 0.1
3 0.627344 0.0427083 0.0796875 0.0854167
3 0.632812 0.353125 0.071875 0.10625
3 0.219531 0.411458 0.101562 0.10625
3 0.647656 0.458333 0.0828125 0.108333
