3 0.467187 0.602083 0.046875 0.0583333
3 0.500781 0.435417 0.0921875 0.075
3 0.647656 0.560417 0.0703125 0.1125
3 0.659375 0.630208 0.084375 0.114583
3 0.314844 0.422917 0.0890625 0.0958333
3 0.628906 0.964583 0.0828125 0.0708333
3 0.763281 0.563542 0.0796875 0.110417
3 0.76875 0.410417 0.09375 0.0958333
3 0.639063 0.883333 0.071875 0.1
3 0.219531 0.411458 0.101562 0.10625
3 0.632812 0.161458 0.071875 0.102083
3 0.632031 0.2875 0.0703125 0.108333
3 0.451562 0.555208 0.08125 0.110417
3 0.646094 0.391667 0.0828125 0.108333
