3 0.470313 0.557292 0.053125 0.09375
3 0.766406 0.503125 0.0859375 0.10625
3 0.451562 0.505208 0.078125 0.0854167
3 0.500781 0.435417 0.0921875 0.075
3 0.646875 0.495833 0.06875 0.1125
3 0.740625 0.570833 0.05625 0.1
3 0.770312 0.410417 0.090625 0.0958333
3 0.660156 0.56875 0.0828125 0.1125
3 0.314063 0.422917 0.0875 0.0958333
3 0.638281 0.811458 0.0703125 0.0979167
3 0.21875 0.411458 0.103125 0.10625
3 0.632812 0.0958333 0.071875 0.104167
3 0.628906 0.911458 0.0796875 0.110417
3 0.632812 0.222917 0.071875 0.1125
3 0.646094 0.326042 0.0828125 0.110417
