3 0.440625 0.484375 0.04375 0.04375
3 0.742188 0.530208 0.053125 0.0979167
3 0.770312 0.425 0.09375 0.125
3 0.472656 0.516667 0.0546875 0.1
3 0.500781 0.435417 0.0921875 0.0791667
3 0.646875 0.452083 0.06875 0.1125
3 0.632812 0.0552083 0.071875 0.102083
3 0.6375 0.765625 0.06875 0.0979167
3 0.659375 0.528125 0.08125 0.10625
3 0.3125 0.422917 0.0875 0.0958333
3 0.21875 0.411458 0.103125 0.10625
3 0.632031 0.179167 0.0734375 0.1125
3 0.628125 0.864583 0.08125 0.1125
3 0.645312 0.283333 0.084375 0.108333
