3 0.650781 0.655208 0.0703125 0.110417
3 0.451562 0.605208 0.071875 0.0479167
3 0.659375 0.715625 0.0875 0.135417
3 0.5 0.435417 0.090625 0.0791667
3 0.471875 0.495833 0.0625 0.0666667
3 0.76875 0.409375 0.09375 0.0979167
3 0.314063 0.422917 0.090625 0.0958333
3 0.220313 0.411458 0.103125 0.10625
3 0.641406 0.964583 0.0734375 0.0708333
3 0.634375 0.251042 0.071875 0.0979167
3 0.633594 0.377083 0.0703125 0.108333
3 0.757031 0.496875 0.0734375 0.0895833
3 0.628125 0.0541667 0.08125 0.108333
3 0.646875 0.483333 0.08125 0.1125
