2 0.471875 0.375 0.053125 0.0458333
2 0.598437 0.972917 0.065625 0.0541667
2 0.573438 0.83125 0.090625 0.116667
2 0.8 0.507292 0.0625 0.0479167
2 0.579687 0.622917 0.08125 0.0875
2 0.5875 0.71875 0.06875 0.116667
2 0.25625 0.0520833 0.059375 0.0375
2 0.607031 0.248958 0.0796875 0.09375
2 0.602344 0.534375 0.0921875 0.0979167
2 0.491406 0.427083 0.0765625 0.1
2 0.596875 0.03125 0.08125 0.0583333
2 0.584375 0.336458 0.078125 0.114583
2 0.803906 0.43125 0.0703125 0.104167
2 0.596875 0.436458 0.078125 0.10625
