2 0.595312 0.0197917 0.078125 0.0395833
2 0.79375 0.495833 0.071875 0.0666667
2 0.803125 0.411458 0.071875 0.10625
2 0.599219 0.9625 0.0671875 0.075
2 0.25625 0.03125 0.059375 0.0375
2 0.492188 0.485417 0.0625 0.0541667
2 0.588281 0.697917 0.0671875 0.1125
2 0.575 0.810417 0.090625 0.120833
2 0.597656 0.415625 0.0765625 0.10625
2 0.60625 0.227083 0.08125 0.0916667
2 0.602344 0.515625 0.0921875 0.0979167
2 0.585938 0.314583 0.078125 0.1125
2 0.489062 0.408333 0.084375 0.104167
2 0.580469 0.6 0.0796875 0.0916667
