2 0.490625 0.5 0.059375 0.0333333
2 0.253125 0.164583 0.059375 0.0375
2 0.594531 0.114583 0.0796875 0.125
2 0.80625 0.507292 0.06875 0.0479167
2 0.798437 0.384375 0.06875 0.0729167
2 0.569531 0.941667 0.0890625 0.116667
2 0.579687 0.451042 0.084375 0.110417
2 0.594531 0.551042 0.0765625 0.10625
2 0.496875 0.383333 0.075 0.0625
2 0.584375 0.830208 0.06875 0.114583
2 0.575781 0.73125 0.0796875 0.0916667
2 0.602344 0.364583 0.0765625 0.0916667
2 0.464844 0.446875 0.0640625 0.10625
2 0.599219 0.647917 0.0890625 0.1
