0 0.701563 0.729167 0.08125 0.133333
0 0.63125 0.678125 0.06875 0.122917
0 0.489844 0.49375 0.0921875 0.0625
0 0.485156 0.409375 0.0765625 0.0979167
0 0.826563 0.49375 0.059375 0.0666667
0 0.796094 0.402083 0.0859375 0.104167
0 0.649219 0.028125 0.0828125 0.05625
0 0.771094 0.490625 0.0609375 0.06875
0 0.698438 0.519792 0.078125 0.11875
0 0.626562 0.527083 0.084375 0.1125
0 0.65 0.407292 0.075 0.10625
0 0.660156 0.960417 0.0890625 0.0791667
0 0.641406 0.10625 0.0796875 0.120833
0 0.641406 0.221875 0.0984375 0.11875
0 0.644531 0.871875 0.0796875 0.114583
