0 0.700781 0.708333 0.0796875 0.129167
0 0.630469 0.658333 0.0671875 0.120833
0 0.646875 0.0208333 0.08125 0.0375
0 0.4875 0.4 0.075 0.0833333
0 0.492188 0.48125 0.090625 0.0833333
0 0.823438 0.48125 0.059375 0.0875
0 0.660156 0.951042 0.0859375 0.0979167
0 0.626562 0.507292 0.084375 0.110417
0 0.770312 0.480208 0.059375 0.0854167
0 0.797656 0.391667 0.0859375 0.0875
0 0.645312 0.85 0.078125 0.116667
0 0.698438 0.501042 0.078125 0.11875
0 0.649219 0.386458 0.0734375 0.10625
0 0.639844 0.201042 0.0984375 0.122917
0 0.641406 0.0864583 0.0796875 0.11875
