0 0.635156 0.941667 0.0671875 0.116667
0 0.705469 0.966667 0.0796875 0.0666667
0 0.659375 0.0322917 0.0625 0.0645833
0 0.653125 0.282292 0.078125 0.10625
0 0.488281 0.396875 0.0765625 0.0729167
0 0.797656 0.478125 0.0890625 0.0979167
0 0.798437 0.390625 0.0875 0.0895833
0 0.496094 0.476042 0.0671875 0.0895833
0 0.654688 0.678125 0.071875 0.110417
0 0.628906 0.101042 0.0765625 0.114583
0 0.632812 0.798958 0.084375 0.114583
0 0.645312 0.383333 0.078125 0.1125
0 0.703125 0.785417 0.075 0.120833
0 0.645312 0.49375 0.096875 0.116667
