0 0.704687 0.976042 0.071875 0.0479167
0 0.600781 0.0166667 0.0515625 0.0333333
0 0.635938 0.951042 0.065625 0.0979167
0 0.796875 0.484375 0.09375 0.0854167
0 0.659375 0.0447917 0.0625 0.0854167
0 0.798437 0.402083 0.090625 0.104167
0 0.496875 0.488542 0.06875 0.0729167
0 0.653125 0.302083 0.078125 0.104167
0 0.489062 0.40625 0.071875 0.0916667
0 0.653906 0.7 0.0734375 0.1125
0 0.632812 0.820833 0.084375 0.116667
0 0.645312 0.403125 0.078125 0.114583
0 0.701563 0.807292 0.078125 0.122917
0 0.628906 0.121875 0.0765625 0.114583
0 0.645312 0.516667 0.096875 0.116667
