0 0.633594 0.984375 0.0515625 0.03125
0 0.488281 0.390625 0.0671875 0.0604167
0 0.600781 0.0541667 0.0703125 0.108333
0 0.788281 0.382292 0.0796875 0.06875
0 0.801562 0.466667 0.084375 0.108333
0 0.489062 0.46875 0.071875 0.0958333
0 0.630469 0.191667 0.0765625 0.1125
0 0.661719 0.090625 0.0640625 0.127083
0 0.653906 0.369792 0.0765625 0.102083
0 0.65625 0.766667 0.075 0.116667
0 0.646875 0.469792 0.078125 0.110417
0 0.703906 0.873958 0.0765625 0.122917
0 0.634375 0.889583 0.084375 0.116667
0 0.646094 0.583333 0.0953125 0.116667
