0 0.70625 0.954167 0.08125 0.0875
0 0.657031 0.021875 0.0609375 0.04375
0 0.634375 0.925 0.06875 0.125
0 0.488281 0.386458 0.0765625 0.05625
0 0.800781 0.379167 0.0984375 0.075
0 0.701563 0.764583 0.078125 0.120833
0 0.629687 0.08125 0.078125 0.116667
0 0.632812 0.778125 0.084375 0.114583
0 0.796094 0.465625 0.0890625 0.110417
0 0.496875 0.463542 0.06875 0.10625
0 0.645312 0.359375 0.078125 0.110417
0 0.652344 0.259375 0.0796875 0.10625
0 0.653906 0.65625 0.0734375 0.108333
0 0.644531 0.472917 0.0984375 0.116667
