0 0.790625 0.372917 0.08125 0.0583333
0 0.604688 0.04375 0.071875 0.0875
0 0.490625 0.38125 0.06875 0.0458333
0 0.660156 0.0708333 0.0640625 0.125
0 0.635156 0.975 0.0609375 0.05
0 0.653906 0.348958 0.0765625 0.102083
0 0.4875 0.448958 0.075 0.09375
0 0.800781 0.44375 0.0859375 0.104167
0 0.63125 0.170833 0.075 0.1125
0 0.655469 0.74375 0.0734375 0.1125
0 0.646875 0.448958 0.078125 0.110417
0 0.633594 0.867708 0.0828125 0.114583
0 0.704687 0.852083 0.075 0.120833
0 0.645312 0.560417 0.096875 0.120833
