0 0.796875 0.498958 0.09375 0.0604167
0 0.599219 0.0354167 0.0703125 0.0666667
0 0.494531 0.497917 0.0671875 0.0458333
0 0.6375 0.963542 0.06875 0.0729167
0 0.703906 0.83125 0.0765625 0.120833
0 0.659375 0.05625 0.065625 0.1125
0 0.489062 0.429167 0.071875 0.0916667
0 0.634375 0.845833 0.084375 0.116667
0 0.654688 0.327083 0.078125 0.104167
0 0.629687 0.15 0.078125 0.1125
0 0.654688 0.723958 0.075 0.114583
0 0.646094 0.426042 0.0796875 0.110417
0 0.8 0.426042 0.0875 0.10625
0 0.644531 0.538542 0.0984375 0.114583
