3 0.969531 0.480208 0.0609375 0.0604167
3 0.720312 0.859375 0.034375 0.08125
3 0.474219 0.377083 0.0796875 0.0458333
3 0.170312 0.379167 0.090625 0.0958333
3 0.725781 0.454167 0.0234375 0.05
3 0.9875 0.820833 0.025 0.104167
3 0.85625 0.305208 0.08125 0.0854167
3 0.715625 0.771875 0.0375 0.06875
3 0.969531 0.685417 0.0609375 0.129167
3 0.941406 0.3 0.0890625 0.1
3 0.695312 0.673958 0.071875 0.11875
3 0.6875 0.333333 0.08125 0.108333
3 0.777344 0.325 0.0734375 0.1125
3 0.640625 0.5625 0.0875 0.108333
