3 0.759375 0.4875 0.04375 0.0666667
3 0.608594 0.021875 0.0640625 0.04375
3 0.659375 0.301042 0.0625 0.0979167
3 0.486719 0.439583 0.0640625 0.0791667
3 0.495313 0.49375 0.078125 0.0666667
3 0.798437 0.451042 0.096875 0.13125
3 0.700781 0.5125 0.0671875 0.108333
3 0.614062 0.0739583 0.075 0.0895833
3 0.617188 0.341667 0.071875 0.108333
3 0.647656 0.442708 0.0796875 0.102083
3 0.657812 0.872917 0.053125 0.0958333
3 0.615625 0.523958 0.06875 0.102083
3 0.6625 0.14375 0.078125 0.108333
3 0.61875 0.197917 0.0875 0.125
