3 0.795313 0.420833 0.103125 0.154167
3 0.623438 0.625 0.078125 0.120833
3 0.497656 0.392708 0.0796875 0.05625
3 0.805469 0.372917 0.0765625 0.0625
3 0.698438 0.797917 0.065625 0.1
3 0.657812 0.591667 0.065625 0.0958333
3 0.80625 0.478125 0.084375 0.09375
3 0.614062 0.809375 0.06875 0.10625
3 0.666406 0.436458 0.0703125 0.0979167
3 0.647656 0.730208 0.0796875 0.114583
3 0.490625 0.471875 0.08125 0.10625
3 0.617969 0.370833 0.0734375 0.0875
3 0.61875 0.2875 0.075 0.120833
3 0.622656 0.491667 0.0859375 0.116667
