3 0.475 0.378125 0.059375 0.0479167
3 0.722656 0.451042 0.0296875 0.0479167
3 0.719531 0.814583 0.0359375 0.0833333
3 0.171875 0.378125 0.090625 0.0895833
3 0.49375 0.490625 0.08125 0.05625
3 0.853125 0.304167 0.08125 0.0833333
3 0.9875 0.775 0.025 0.108333
3 0.801562 0.489583 0.0875 0.0708333
3 0.707812 0.333333 0.071875 0.108333
3 0.9375 0.296875 0.0875 0.0979167
3 0.778125 0.320833 0.06875 0.116667
3 0.69375 0.629167 0.075 0.120833
3 0.639844 0.516667 0.0859375 0.104167
3 0.715625 0.723958 0.0375 0.06875
3 0.970312 0.638542 0.059375 0.127083
