3 0.514063 0.48125 0.046875 0.0708333
3 0.784375 0.496875 0.075 0.0520833
3 0.811719 0.41875 0.0859375 0.104167
3 0.470313 0.5 0.065625 0.0583333
3 0.782812 0.386458 0.090625 0.08125
3 0.616406 0.567708 0.0734375 0.10625
3 0.657812 0.528125 0.0625 0.09375
3 0.698438 0.740625 0.065625 0.110417
3 0.613281 0.748958 0.0703125 0.110417
3 0.615625 0.308333 0.075 0.0875
3 0.646094 0.666667 0.0796875 0.108333
3 0.663281 0.373958 0.0734375 0.102083
3 0.491406 0.421875 0.0765625 0.102083
3 0.616406 0.220833 0.0765625 0.116667
3 0.621094 0.428125 0.0859375 0.114583
