3 0.829687 0.497917 0.053125 0.0541667
3 0.699219 0.707292 0.0640625 0.110417
3 0.804688 0.394792 0.0875 0.10625
3 0.659375 0.494792 0.0625 0.09375
3 0.615625 0.277083 0.071875 0.0875
3 0.61875 0.536458 0.075 0.10625
3 0.614062 0.716667 0.06875 0.108333
3 0.782031 0.482292 0.0734375 0.08125
3 0.492969 0.405208 0.0828125 0.08125
3 0.485938 0.4875 0.090625 0.0833333
3 0.647656 0.635417 0.0796875 0.108333
3 0.664844 0.341667 0.0734375 0.1
3 0.621094 0.396875 0.0859375 0.11875
3 0.616406 0.188542 0.0765625 0.114583
