3 0.809375 0.625 0.015625 0.0208333
3 0.803906 0.371875 0.0921875 0.06875
3 0.61875 0.0197917 0.0625 0.0354167
3 0.514844 0.383333 0.0546875 0.0458333
3 0.802344 0.452083 0.0640625 0.0625
3 0.634375 0.970833 0.065625 0.0583333
3 0.634375 0.639583 0.071875 0.0791667
3 0.608594 0.460417 0.0765625 0.0666667
3 0.514063 0.459375 0.059375 0.0604167
3 0.6125 0.720833 0.075 0.1125
3 0.626562 0.56875 0.078125 0.1
3 0.619531 0.254167 0.0671875 0.108333
3 0.6125 0.35625 0.08125 0.1
3 0.625 0.125 0.078125 0.116667
