3 0.725781 0.370833 0.0203125 0.05
3 0.717188 0.661458 0.034375 0.0770833
3 0.491406 0.384375 0.0921875 0.0604167
3 0.65625 0.961458 0.0875 0.0770833
3 0.171875 0.378125 0.090625 0.0895833
3 0.767969 0.444792 0.0484375 0.0645833
3 0.800781 0.35625 0.0921875 0.1
3 0.9875 0.6125 0.025 0.108333
3 0.96875 0.498958 0.0625 0.0895833
3 0.714844 0.570833 0.0390625 0.0666667
3 0.486719 0.466667 0.0515625 0.1
3 0.85625 0.307292 0.0875 0.0895833
3 0.692969 0.476042 0.0734375 0.122917
3 0.964063 0.3125 0.071875 0.129167
3 0.914062 0.241667 0.084375 0.108333
3 0.808594 0.241667 0.0734375 0.116667
3 0.752344 0.303125 0.0828125 0.11875
3 0.639063 0.359375 0.0875 0.10625
