3 0.728125 0.460417 0.01875 0.0333333
3 0.721094 0.9625 0.0359375 0.075
3 0.171094 0.379167 0.0921875 0.0916667
3 0.989062 0.93125 0.021875 0.108333
3 0.717188 0.878125 0.040625 0.06875
3 0.957812 0.313542 0.084375 0.0979167
3 0.775781 0.314583 0.0734375 0.0916667
3 0.494531 0.44375 0.0796875 0.1
3 0.85625 0.30625 0.084375 0.0875
3 0.810156 0.4375 0.0796875 0.1
3 0.63125 0.444792 0.075 0.10625
3 0.9625 0.54375 0.075 0.1125
3 0.695312 0.783333 0.075 0.120833
3 0.970312 0.797917 0.059375 0.125
3 0.641406 0.673958 0.0859375 0.10625
