3 0.748438 0.504167 0.01875 0.0291667
3 0.724219 0.389583 0.0203125 0.0541667
3 0.717188 0.683333 0.034375 0.075
3 0.9875 0.636458 0.025 0.10625
3 0.654688 0.970833 0.090625 0.0583333
3 0.170312 0.378125 0.090625 0.0895833
3 0.76875 0.464583 0.05 0.0625
3 0.854688 0.307292 0.084375 0.0854167
3 0.496094 0.395833 0.0796875 0.0791667
3 0.798437 0.383333 0.0875 0.0833333
3 0.969531 0.514583 0.0609375 0.1
3 0.486719 0.478125 0.0515625 0.08125
3 0.639063 0.379167 0.0875 0.104167
3 0.692187 0.494792 0.071875 0.122917
3 0.714844 0.590625 0.0390625 0.0645833
3 0.969531 0.325 0.0609375 0.1125
3 0.742188 0.304167 0.078125 0.1125
3 0.805469 0.247917 0.0765625 0.116667
3 0.920313 0.251042 0.084375 0.114583
