3 0.810156 0.405208 0.0796875 0.0979167
3 0.778125 0.3875 0.06875 0.075
3 0.660937 0.372917 0.059375 0.0958333
3 0.620313 0.408333 0.078125 0.1125
3 0.79375 0.488542 0.0875 0.0729167
3 0.702344 0.582292 0.0671875 0.0979167
3 0.617188 0.591667 0.071875 0.104167
3 0.65 0.510417 0.08125 0.104167
3 0.489062 0.49375 0.059375 0.0666667
3 0.660937 0.94375 0.053125 0.1
3 0.615625 0.148958 0.075 0.0895833
3 0.492969 0.413542 0.0828125 0.102083
3 0.663281 0.215625 0.0765625 0.110417
3 0.621094 0.269792 0.0859375 0.11875
3 0.615625 0.0604167 0.078125 0.1125
