3 0.720312 0.946875 0.034375 0.0770833
3 0.989062 0.908333 0.021875 0.108333
3 0.169531 0.379167 0.0921875 0.0916667
3 0.955469 0.310417 0.0859375 0.0958333
3 0.776563 0.315625 0.071875 0.0895833
3 0.855469 0.304167 0.0859375 0.0875
3 0.717188 0.858333 0.0375 0.0708333
3 0.695312 0.764583 0.078125 0.120833
3 0.490625 0.416667 0.08125 0.1
3 0.804688 0.408333 0.078125 0.1
3 0.638281 0.411458 0.0734375 0.10625
3 0.970312 0.778125 0.059375 0.122917
3 0.640625 0.653125 0.0875 0.10625
3 0.961719 0.523958 0.0765625 0.110417
