3 0.807813 0.558333 0.015625 0.0208333
3 0.624219 0.059375 0.0796875 0.114583
3 0.499219 0.489583 0.0765625 0.0708333
3 0.803906 0.391667 0.0703125 0.0666667
3 0.515625 0.394792 0.059375 0.0645833
3 0.633594 0.572917 0.0734375 0.075
3 0.607031 0.392708 0.0765625 0.06875
3 0.796094 0.484375 0.0703125 0.0770833
3 0.626562 0.501042 0.078125 0.0979167
3 0.617969 0.186458 0.0671875 0.110417
3 0.6125 0.653125 0.071875 0.110417
3 0.611719 0.288542 0.0828125 0.10625
3 0.635938 0.938542 0.071875 0.122917
