3 0.727344 0.465625 0.0546875 0.05625
3 0.710938 0.177083 0.0125 0.0208333
3 0.717969 0.530208 0.0359375 0.0770833
3 0.483594 0.386458 0.0453125 0.0604167
3 0.758594 0.378125 0.0390625 0.0479167
3 0.74375 0.267708 0.0375 0.05625
3 0.985937 0.490625 0.028125 0.08125
3 0.860156 0.30625 0.0859375 0.0875
3 0.771875 0.308333 0.0875 0.1
3 0.703125 0.338542 0.05625 0.139583
3 0.814844 0.234375 0.0765625 0.102083
3 0.971875 0.330208 0.05625 0.09375
3 0.654688 0.846875 0.0875 0.110417
3 0.963281 0.184375 0.0734375 0.13125
3 0.6375 0.221875 0.0875 0.10625
3 0.896875 0.211458 0.0875 0.135417
3 0.195312 0.320833 0.084375 0.116667
