3 0.79375 0.377083 0.075 0.0583333
3 0.80625 0.492708 0.08125 0.0645833
3 0.503125 0.388542 0.075 0.05625
3 0.508594 0.494792 0.0703125 0.05625
3 0.501562 0.439583 0.06875 0.0708333
3 0.79375 0.432292 0.075 0.0770833
3 0.596094 0.972917 0.0765625 0.0541667
3 0.625 0.367708 0.075 0.0979167
3 0.632031 0.439583 0.0734375 0.075
3 0.605469 0.258333 0.0765625 0.075
3 0.617188 0.053125 0.06875 0.10625
3 0.649219 0.920833 0.0796875 0.0958333
3 0.611719 0.520833 0.0734375 0.108333
3 0.634375 0.814583 0.071875 0.133333
3 0.610937 0.153125 0.084375 0.114583
