3 0.726562 0.35 0.021875 0.0416667
3 0.969531 0.485417 0.0578125 0.0708333
3 0.71875 0.638542 0.034375 0.08125
3 0.767969 0.422917 0.0484375 0.0666667
3 0.9875 0.591667 0.025 0.108333
3 0.855469 0.309375 0.0890625 0.08125
3 0.657031 0.948958 0.0921875 0.102083
3 0.713281 0.546875 0.0390625 0.0645833
3 0.169531 0.367708 0.0921875 0.10625
3 0.485156 0.451042 0.0546875 0.11875
3 0.691406 0.45 0.0734375 0.125
3 0.810938 0.228125 0.071875 0.09375
3 0.638281 0.334375 0.0890625 0.10625
3 0.760938 0.304167 0.078125 0.1125
3 0.908594 0.238542 0.0859375 0.11875
3 0.960938 0.288542 0.078125 0.13125
