3 0.776563 0.726042 0.046875 0.0729167
3 0.491406 0.397917 0.0828125 0.0666667
3 0.809375 0.380208 0.09375 0.08125
3 0.701563 0.672917 0.065625 0.104167
3 0.660156 0.464583 0.0640625 0.0958333
3 0.619531 0.505208 0.0734375 0.102083
3 0.649219 0.602083 0.0828125 0.104167
3 0.615625 0.683333 0.06875 0.108333
3 0.780469 0.463542 0.0703125 0.0979167
3 0.616406 0.244792 0.0734375 0.0895833
3 0.665625 0.310417 0.075 0.104167
3 0.621875 0.364583 0.0875 0.120833
3 0.488281 0.475 0.0890625 0.108333
3 0.617188 0.157292 0.078125 0.114583
