3 0.725 0.338542 0.040625 0.05625
3 0.720312 0.4 0.04375 0.0875
3 0.471094 0.409375 0.0515625 0.110417
3 0.73125 0.244792 0.0875 0.11875
3 0.76875 0.30625 0.090625 0.108333
3 0.985937 0.335417 0.028125 0.0916667
3 0.816406 0.232292 0.0796875 0.102083
3 0.85625 0.304167 0.0875 0.0833333
3 0.653125 0.716667 0.0875 0.108333
3 0.96875 0.213542 0.0625 0.122917
3 0.9375 0.0739583 0.08125 0.13125
3 0.88125 0.142708 0.1 0.127083
3 0.215625 0.307292 0.08125 0.13125
3 0.635938 0.0895833 0.090625 0.116667
