3 0.779688 0.490625 0.078125 0.0645833
3 0.805469 0.452083 0.0734375 0.075
3 0.660156 0.680208 0.0640625 0.0979167
3 0.625781 0.716667 0.0859375 0.116667
3 0.49375 0.464583 0.08125 0.104167
3 0.701563 0.890625 0.065625 0.102083
3 0.615625 0.901042 0.071875 0.10625
3 0.496875 0.405208 0.078125 0.08125
3 0.803906 0.389583 0.0734375 0.0875
3 0.667188 0.527083 0.071875 0.0958333
3 0.621094 0.464583 0.0734375 0.0833333
3 0.624219 0.5875 0.0859375 0.129167
3 0.651563 0.820833 0.084375 0.116667
3 0.621094 0.379167 0.0765625 0.125
