3 0.629687 0.475 0.040625 0.0416667
3 0.624219 0.0239583 0.0796875 0.0479167
3 0.510156 0.494792 0.0515625 0.05625
3 0.652344 0.967708 0.0828125 0.0645833
3 0.625781 0.434375 0.0765625 0.0979167
3 0.7875 0.492708 0.0625 0.0645833
3 0.632812 0.503125 0.071875 0.0770833
3 0.607031 0.326042 0.0765625 0.0729167
3 0.796875 0.427083 0.06875 0.0875
3 0.6125 0.5875 0.075 0.108333
3 0.617969 0.117708 0.0671875 0.114583
3 0.501562 0.435417 0.075 0.0875
3 0.635156 0.879167 0.0734375 0.1375
3 0.610937 0.220833 0.084375 0.108333
