3 0.727344 0.453125 0.0234375 0.0479167
3 0.801562 0.360417 0.084375 0.0666667
3 0.720312 0.9 0.034375 0.0833333
3 0.485156 0.379167 0.0828125 0.05
3 0.170312 0.379167 0.090625 0.0916667
3 0.988281 0.861458 0.0234375 0.102083
3 0.965625 0.490625 0.06875 0.08125
3 0.85625 0.3 0.08125 0.0833333
3 0.778906 0.315625 0.0765625 0.09375
3 0.716406 0.811458 0.0390625 0.06875
3 0.95 0.301042 0.0875 0.09375
3 0.640625 0.60625 0.0875 0.104167
3 0.970312 0.73125 0.059375 0.129167
3 0.695312 0.716667 0.075 0.125
3 0.65625 0.34375 0.078125 0.104167
