3 0.602344 0.214583 0.0453125 0.0541667
3 0.794531 0.446875 0.107813 0.13125
3 0.697656 0.461458 0.0609375 0.102083
3 0.799219 0.391667 0.0890625 0.0833333
3 0.489844 0.402083 0.0640625 0.0791667
3 0.6125 0.0364583 0.075 0.06875
3 0.614062 0.476042 0.06875 0.110417
3 0.660937 0.0947917 0.078125 0.110417
3 0.647656 0.391667 0.0828125 0.1
3 0.496875 0.473958 0.075 0.102083
3 0.657812 0.827083 0.053125 0.0916667
3 0.658594 0.254167 0.0609375 0.1
3 0.615625 0.292708 0.071875 0.110417
3 0.619531 0.146875 0.0890625 0.122917
