3 0.65625 0.93125 0.0875 0.1125
3 0.717188 0.616667 0.034375 0.0791667
3 0.986719 0.56875 0.0265625 0.1125
3 0.767969 0.397917 0.0453125 0.0625
3 0.857031 0.307292 0.0890625 0.08125
3 0.484375 0.432292 0.05625 0.11875
3 0.692187 0.429167 0.071875 0.120833
3 0.170312 0.35625 0.090625 0.1125
3 0.714063 0.525 0.0375 0.0625
3 0.6375 0.311458 0.0875 0.10625
3 0.764063 0.308333 0.084375 0.104167
3 0.813281 0.230208 0.0734375 0.0979167
3 0.904688 0.23125 0.084375 0.116667
3 0.960938 0.266667 0.078125 0.133333
