3 0.475781 0.416667 0.0609375 0.0666667
3 0.810938 0.4625 0.078125 0.0916667
3 0.701563 0.6375 0.065625 0.108333
3 0.65 0.567708 0.08125 0.102083
3 0.619531 0.469792 0.0734375 0.10625
3 0.660156 0.975 0.0515625 0.05
3 0.660937 0.429167 0.0625 0.0916667
3 0.616406 0.65 0.0703125 0.108333
3 0.778906 0.428125 0.0671875 0.09375
3 0.665625 0.272917 0.075 0.104167
3 0.616406 0.20625 0.0734375 0.0916667
3 0.489844 0.457292 0.0859375 0.122917
3 0.617188 0.117708 0.078125 0.114583
3 0.621875 0.327083 0.0875 0.116667
