3 0.725781 0.434375 0.0234375 0.0520833
3 0.489062 0.5 0.046875 0.0416667
3 0.719531 0.727083 0.0359375 0.0791667
3 0.9875 0.685417 0.025 0.1125
3 0.171875 0.378125 0.090625 0.0895833
3 0.853125 0.303125 0.075 0.08125
3 0.973437 0.346875 0.053125 0.0645833
3 0.715625 0.636458 0.0375 0.0645833
3 0.767969 0.5 0.0546875 0.0458333
3 0.721875 0.303125 0.075 0.10625
3 0.69375 0.541667 0.075 0.120833
3 0.495313 0.428125 0.078125 0.0979167
3 0.929688 0.28125 0.084375 0.116667
3 0.8 0.419792 0.0875 0.0979167
3 0.639063 0.427083 0.0875 0.104167
3 0.96875 0.548958 0.0625 0.127083
3 0.792188 0.264583 0.071875 0.120833
