3 0.700781 0.534375 0.0640625 0.10625
3 0.494531 0.388542 0.0765625 0.05625
3 0.614062 0.0333333 0.08125 0.0666667
3 0.617188 0.360417 0.071875 0.108333
3 0.659375 0.323958 0.0625 0.0979167
3 0.798437 0.465625 0.103125 0.110417
3 0.808594 0.376042 0.0765625 0.0729167
3 0.488281 0.457292 0.0640625 0.0895833
3 0.649219 0.4625 0.0796875 0.1
3 0.663281 0.165625 0.0734375 0.10625
3 0.660156 0.895833 0.0515625 0.0916667
3 0.617188 0.54375 0.06875 0.108333
3 0.615625 0.096875 0.071875 0.0895833
3 0.621094 0.21875 0.0890625 0.120833
