3 0.720312 0.925 0.034375 0.0833333
3 0.16875 0.379167 0.090625 0.0916667
3 0.989062 0.888542 0.021875 0.10625
3 0.715625 0.836458 0.0375 0.06875
3 0.961719 0.502083 0.0765625 0.1
3 0.804688 0.380208 0.090625 0.0895833
3 0.951563 0.305208 0.090625 0.09375
3 0.857031 0.305208 0.0859375 0.0854167
3 0.489062 0.391667 0.078125 0.075
3 0.775781 0.314583 0.0703125 0.0875
3 0.644531 0.373958 0.0765625 0.10625
3 0.970312 0.753125 0.059375 0.122917
3 0.695312 0.740625 0.075 0.11875
3 0.641406 0.630208 0.0890625 0.10625
