3 0.607813 0.308333 0.046875 0.0458333
3 0.799219 0.384375 0.107813 0.0895833
3 0.660937 0.342708 0.059375 0.0979167
3 0.4875 0.478125 0.0625 0.0895833
3 0.799219 0.473958 0.0953125 0.0979167
3 0.702344 0.555208 0.0671875 0.10625
3 0.494531 0.4 0.0828125 0.075
3 0.617188 0.566667 0.071875 0.108333
3 0.650781 0.482292 0.0828125 0.102083
3 0.615625 0.04375 0.08125 0.0875
3 0.619531 0.380208 0.0765625 0.110417
3 0.665625 0.185417 0.075 0.104167
3 0.614844 0.120833 0.0765625 0.0875
3 0.660156 0.914583 0.0515625 0.0958333
3 0.621875 0.238542 0.0875 0.122917
