3 0.482031 0.375 0.0796875 0.0458333
3 0.727344 0.453125 0.0234375 0.0479167
3 0.966406 0.485417 0.0671875 0.0708333
3 0.720312 0.880208 0.034375 0.08125
3 0.170312 0.379167 0.090625 0.0916667
3 0.9875 0.842708 0.025 0.10625
3 0.85625 0.303125 0.084375 0.0854167
3 0.946875 0.301042 0.0875 0.0979167
3 0.694531 0.696875 0.0734375 0.11875
3 0.640625 0.585417 0.0875 0.104167
3 0.670313 0.332292 0.078125 0.10625
3 0.779688 0.322917 0.078125 0.108333
3 0.970312 0.708333 0.059375 0.125
3 0.715625 0.789583 0.0375 0.0708333
