3 0.471875 0.378125 0.0625 0.0479167
3 0.721875 0.452083 0.03125 0.05
3 0.719531 0.791667 0.0359375 0.0833333
3 0.851562 0.303125 0.078125 0.08125
3 0.9875 0.753125 0.025 0.10625
3 0.172656 0.378125 0.0921875 0.0895833
3 0.715625 0.704167 0.0375 0.0666667
3 0.803125 0.478125 0.0875 0.0895833
3 0.495313 0.479167 0.078125 0.075
3 0.935156 0.297917 0.0890625 0.104167
3 0.779688 0.305208 0.071875 0.11875
3 0.711719 0.329167 0.0734375 0.108333
3 0.969531 0.616667 0.0609375 0.125
3 0.69375 0.609375 0.075 0.122917
3 0.639844 0.494792 0.0859375 0.10625
