3 0.500781 0.507292 0.0421875 0.0354167
3 0.659375 0.401042 0.0625 0.0979167
3 0.813281 0.428125 0.0765625 0.102083
3 0.623438 0.4375 0.084375 0.116667
3 0.700781 0.610417 0.0671875 0.108333
3 0.778906 0.397917 0.0671875 0.1
3 0.65 0.540625 0.08125 0.102083
3 0.616406 0.179167 0.0734375 0.0875
3 0.616406 0.621875 0.0703125 0.10625
3 0.659375 0.9625 0.05 0.075
3 0.664844 0.24375 0.0734375 0.104167
3 0.621875 0.296875 0.0875 0.11875
3 0.616406 0.0885417 0.0765625 0.114583
3 0.490625 0.427083 0.084375 0.120833
