3 0.710156 0.0916667 0.0140625 0.0208333
3 0.720312 0.386458 0.03125 0.05625
3 0.721875 0.44375 0.04375 0.0958333
3 0.9875 0.358333 0.025 0.0458333
3 0.700781 0.297917 0.0515625 0.0708333
3 0.722656 0.252083 0.0546875 0.0958333
3 0.653906 0.759375 0.0890625 0.110417
3 0.816406 0.236458 0.0796875 0.110417
3 0.771875 0.30625 0.08125 0.104167
3 0.857031 0.305208 0.0859375 0.0854167
3 0.207031 0.3125 0.0828125 0.125
3 0.96875 0.259375 0.0625 0.122917
3 0.636719 0.133333 0.0890625 0.1125
3 0.942969 0.114583 0.0796875 0.129167
3 0.889063 0.166667 0.090625 0.133333
