3 0.723437 0.448958 0.046875 0.122917
3 0.721875 0.404167 0.034375 0.0583333
3 0.75625 0.241667 0.0375 0.0458333
3 0.714844 0.255208 0.0515625 0.09375
3 0.772656 0.30625 0.0859375 0.104167
3 0.695312 0.309375 0.053125 0.0729167
3 0.857813 0.305208 0.084375 0.0854167
3 0.817187 0.232292 0.075 0.0979167
3 0.654688 0.779167 0.0875 0.108333
3 0.967969 0.28125 0.0640625 0.125
3 0.20625 0.313542 0.08125 0.122917
3 0.95 0.128125 0.08125 0.122917
3 0.636719 0.155208 0.0890625 0.110417
3 0.89375 0.178125 0.0875 0.135417
