3 0.725781 0.444792 0.0453125 0.0604167
3 0.71875 0.507292 0.0375 0.0895833
3 0.986719 0.477083 0.0265625 0.0625
3 0.749219 0.264583 0.0421875 0.05
3 0.857813 0.309375 0.090625 0.08125
3 0.970312 0.317708 0.059375 0.110417
3 0.771094 0.305208 0.0890625 0.110417
3 0.701563 0.310417 0.065625 0.1375
3 0.95625 0.166667 0.08125 0.125
3 0.815625 0.236458 0.08125 0.110417
3 0.636719 0.198958 0.0890625 0.110417
3 0.2 0.317708 0.084375 0.122917
3 0.896875 0.209375 0.0875 0.139583
3 0.655469 0.821875 0.0890625 0.110417
