3 0.753906 0.191667 0.0453125 0.0333333
3 0.709375 0.028125 0.0125 0.01875
3 0.719531 0.379167 0.0453125 0.0958333
3 0.477344 0.391667 0.0453125 0.0708333
3 0.729688 0.238542 0.096875 0.102083
3 0.9875 0.325 0.025 0.108333
3 0.767187 0.304167 0.08125 0.108333
3 0.815625 0.233333 0.078125 0.104167
3 0.853125 0.30625 0.0875 0.0875
3 0.652344 0.695833 0.0890625 0.108333
3 0.215625 0.292708 0.08125 0.13125
3 0.96875 0.19375 0.0625 0.120833
3 0.635938 0.06875 0.090625 0.116667
3 0.9375 0.059375 0.08125 0.11875
3 0.882031 0.125 0.0984375 0.125
