3 0.748438 0.510417 0.015625 0.0208333
3 0.710156 0.196875 0.0140625 0.01875
3 0.486719 0.503125 0.0203125 0.0270833
3 0.477344 0.390625 0.0609375 0.0770833
3 0.755469 0.389583 0.0421875 0.0708333
3 0.717188 0.553125 0.034375 0.08125
3 0.655469 0.865625 0.0890625 0.110417
3 0.741406 0.276042 0.0328125 0.05625
3 0.971875 0.339583 0.05625 0.0666667
3 0.726562 0.466667 0.065625 0.05
3 0.985937 0.502083 0.028125 0.108333
3 0.859375 0.305208 0.0875 0.0854167
3 0.771875 0.308333 0.084375 0.1
3 0.698438 0.35625 0.065625 0.133333
3 0.815625 0.23125 0.075 0.1
3 0.636719 0.241667 0.0890625 0.108333
3 0.9625 0.2 0.075 0.133333
3 0.894531 0.215625 0.0828125 0.135417
3 0.189844 0.325 0.0859375 0.116667
