3 0.471094 0.436458 0.0484375 0.0770833
3 0.726562 0.452083 0.025 0.05
3 0.470313 0.377083 0.071875 0.0458333
3 0.720312 0.834375 0.034375 0.0854167
3 0.49375 0.501042 0.078125 0.0395833
3 0.169531 0.379167 0.0890625 0.0916667
3 0.801562 0.496875 0.0875 0.0479167
3 0.855469 0.303125 0.0859375 0.08125
3 0.9875 0.794792 0.025 0.10625
3 0.700781 0.334375 0.0765625 0.114583
3 0.940625 0.296875 0.0875 0.0979167
3 0.639844 0.538542 0.0859375 0.10625
3 0.715625 0.74375 0.0375 0.0666667
3 0.969531 0.6625 0.0609375 0.125
3 0.695312 0.648958 0.075 0.122917
3 0.776563 0.326042 0.071875 0.114583
