3 0.474219 0.372917 0.0578125 0.0416667
3 0.725781 0.452083 0.0234375 0.0458333
3 0.719531 0.76875 0.0328125 0.0833333
3 0.855469 0.304167 0.0734375 0.0833333
3 0.170312 0.379167 0.090625 0.0916667
3 0.714844 0.678125 0.0390625 0.0645833
3 0.9875 0.725 0.025 0.1
3 0.496094 0.466667 0.0765625 0.0958333
3 0.639063 0.469792 0.0875 0.10625
3 0.715625 0.323958 0.075 0.10625
3 0.801562 0.459375 0.084375 0.0979167
3 0.935938 0.291667 0.084375 0.108333
3 0.69375 0.583333 0.075 0.125
3 0.969531 0.589583 0.0609375 0.125
3 0.784375 0.289583 0.075 0.120833
