3 0.766406 0.382292 0.0453125 0.05625
3 0.4875 0.49375 0.025 0.0458333
3 0.717188 0.596875 0.034375 0.08125
3 0.71875 0.505208 0.05 0.0645833
3 0.985937 0.545833 0.025 0.108333
3 0.859375 0.305208 0.084375 0.0854167
3 0.692187 0.410417 0.071875 0.120833
3 0.48125 0.415625 0.065625 0.11875
3 0.813281 0.230208 0.0734375 0.0979167
3 0.76875 0.309375 0.0875 0.102083
3 0.175 0.34375 0.090625 0.116667
3 0.65625 0.9125 0.0875 0.1125
3 0.638281 0.290625 0.0890625 0.10625
3 0.965625 0.245833 0.06875 0.133333
3 0.900781 0.222917 0.0828125 0.125
