3 0.963281 0.333333 0.0734375 0.0916667
3 0.655469 0.982292 0.0796875 0.0354167
3 0.71875 0.702083 0.034375 0.0791667
3 0.9875 0.657292 0.025 0.10625
3 0.170312 0.379167 0.090625 0.0916667
3 0.800781 0.398958 0.0859375 0.09375
3 0.4875 0.4875 0.05 0.0625
3 0.713281 0.611458 0.0390625 0.0645833
3 0.767187 0.4875 0.053125 0.0666667
3 0.925 0.254167 0.0875 0.1
3 0.726562 0.303125 0.071875 0.110417
3 0.96875 0.526042 0.0625 0.122917
3 0.495313 0.404167 0.078125 0.0958333
3 0.692969 0.516667 0.0765625 0.125
3 0.639063 0.401042 0.0875 0.10625
3 0.8 0.255208 0.075 0.11875
