3 0.732813 0.28125 0.028125 0.0583333
3 0.717188 0.576042 0.034375 0.0770833
3 0.9875 0.522917 0.025 0.1125
3 0.484375 0.402083 0.0625 0.104167
3 0.895312 0.211458 0.078125 0.127083
3 0.725 0.485417 0.0625 0.0666667
3 0.859375 0.308333 0.0875 0.0833333
3 0.770312 0.308333 0.084375 0.1
3 0.961719 0.219792 0.0765625 0.135417
3 0.692969 0.383333 0.0734375 0.125
3 0.815625 0.234375 0.075 0.10625
3 0.180469 0.332292 0.0890625 0.11875
3 0.638281 0.266667 0.0890625 0.108333
3 0.65625 0.889583 0.0875 0.1125
