3 0.579687 0.9875 0.059375 0.025
3 0.61875 0.03125 0.09375 0.0625
3 0.765625 0.580208 0.09375 0.08125
3 0.76875 0.509375 0.06875 0.0770833
3 0.609375 0.502083 0.0625 0.0833333
3 0.476562 0.509375 0.065625 0.06875
3 0.460938 0.575 0.071875 0.0958333
3 0.573438 0.205208 0.071875 0.102083
3 0.625 0.80625 0.071875 0.116667
3 0.624219 0.588542 0.0828125 0.10625
3 0.623438 0.69375 0.0875 0.116667
3 0.623438 0.407292 0.090625 0.114583
3 0.592969 0.89375 0.0796875 0.1375
3 0.602344 0.108333 0.0828125 0.125
