3 0.764063 0.591667 0.084375 0.0583333
3 0.7625 0.466667 0.06875 0.05
3 0.76875 0.533333 0.0625 0.075
3 0.610156 0.525 0.0609375 0.075
3 0.475 0.522917 0.0625 0.0875
3 0.459375 0.59375 0.071875 0.0875
3 0.616406 0.0427083 0.0921875 0.0854167
3 0.573438 0.227083 0.071875 0.104167
3 0.622656 0.432292 0.0921875 0.114583
3 0.602344 0.132292 0.0796875 0.122917
3 0.624219 0.6125 0.0828125 0.108333
3 0.623438 0.830208 0.071875 0.11875
3 0.623438 0.717708 0.0875 0.11875
3 0.592188 0.917708 0.078125 0.139583
