3 0.627344 0.0208333 0.0796875 0.0416667
3 0.482812 0.5 0.05625 0.05
3 0.575781 0.973958 0.0765625 0.0479167
3 0.472656 0.616667 0.0484375 0.0458333
3 0.624219 0.566667 0.0828125 0.108333
3 0.6125 0.477083 0.0625 0.0791667
3 0.761719 0.569792 0.0765625 0.10625
3 0.767187 0.491667 0.065625 0.0791667
3 0.625 0.78125 0.071875 0.1125
3 0.463281 0.552083 0.0703125 0.0875
3 0.574219 0.182292 0.0703125 0.10625
3 0.623438 0.670833 0.0875 0.116667
3 0.624219 0.386458 0.0890625 0.114583
3 0.592969 0.86875 0.0765625 0.141667
3 0.603125 0.0885417 0.08125 0.122917
